Trial: 0 
Classification: 0
00000000000000000111000000000000
00000000000000111111111000000000
00000000011111111111111100000000
00000000011111111111111110000000
00000000011111111111111110000000
00000000111111100011111110000000
00000000111110000000001110000000
00000001111110000000001110000000
00000001111100000000001110000000
00000011111100000000001110000000
00000001111100000000000011000000
00000001111100000000000111000000
00000001111100000000000111000000
00000001111100000000000111000000
00000001111000000000001111000000
00000001111000000000001111000000
00000001111000000000001110000000
00000001110000000000011110000000
00000011110000000000011100000000
00000011110000000000111100000000
00000011110000000000111100000000
00000011110000000001111000000000
00000011110000000111110000000000
00000001111000000011110000000000
00000001111000001111110000000000
00000001111100001111110000000000
00000001111111111111000000000000
00000000111111111110000000000000
00000000111111111110000000000000
00000000011111111100000000000000
00000000001111110000000000000000
00000000000111000000000000000000

00000000000000000011000000000000
00000000000000001111110000000000
00000000000111111111111000000000
00000000001111111111111100000000
00000000001111111111111100000000
00000000011111111100111110000000
00000000011111110000011110000000
00000000011111000000001110000000
00000000111110000000001110000000
00000001111100000000001110000000
00000001111110000000000111000000
00000001111110000000000111000000
00000001111100000000001111000000
00000001111100000000001110000000
00000011111100000000001110000000
00000011111000000000001110000000
00000001111000000000001110000000
00000001111000000000011100000000
00000001111000000000011100000000
00000001111000000000111000000000
00000000111000000001111000000000
00000001111000000001110000000000
00000000111000000001110000000000
00000000011100000001111000000000
00000000011110000011110000000000
00000000001111001111110000000000
00000000001111111111100000000000
00000000001111111111000000000000
00000000000111111110000000000000
00000000000111111110000000000000
00000000000011111000000000000000
00000000000000010000000000000000

00000000000111000011110000000000
00000000000111101111110000000000
00000000001111111111111100000000
00000000000111111111111110000000
00000000001111111111111110000000
00000000001111111100000111000000
00000000001111111000000111000000
00000000011111110000000111000000
00000000111111000000000111000000
00000000111110000000000011000000
00000000111110000000000011000000
00000000111100000000000011000000
00000001111100000000000111000000
00000001111000000000000111000000
00000001111000000000000111000000
00000001110000000000000111000000
00000001110000000000000111000000
00000001110000000000000110000000
00000001110000000000001110000000
00000001110000000000001110000000
00000011110000000000001110000000
00000001110000000000011110000000
00000001110000000000011100000000
00000001110000000000111000000000
00000001111000000001111000000000
00000000111000000011110000000000
00000000111110001111110000000000
00000000111111111111100000000000
00000000001111111111000000000000
00000000001111111110000000000000
00000000000011111110000000000000
00000000000000111000000000000000
Trial: 1 
Classification: 1
00000000000000000000100000000000
00000000000000000011110000000000
00000000000000000111111000000000
00000000000000001111111100000000
00000000000000001111111100000000
00000000000001111111111000000000
00000000000000001111111100000000
00000000000000111111111100000000
00000000000000111111111100000000
00000000000011111111111000000000
00000000000111111111111000000000
00000000001111111111110000000000
00000000011111111111110000000000
00000000111111111111111000000000
00000001111111111111111000000000
00000011111111111111110000000000
00000011111111111111110000000000
00000011000000111111110000000000
00000000000000011111110000000000
00000000000000011111110000000000
00000000000000001111111000000000
00000000000000011111110000000000
00000000000000011111110000000000
00000000000000011111110000000000
00000000000000011111110000000000
00000000000000011111110000000000
00000000000000011111110000000000
00000000000000000111111100000000
00000000000000000111111100000000
00000000000000000111111110000000
00000000000000000001111110000000
00000000000000000000011000000000

00000000000000000110000000000000
00000000000000001111000000000000
00000000000000001111110000000000
00000000000000000111111000000000
00000000000000001111111100000000
00000000000000011111111000000000
00000000000000011111111000000000
00000000000000011111111000000000
00000000000000011111111000000000
00000000000000111111111000000000
00000000000001111111111000000000
00000000000011111111111000000000
00000000111111111111110000000000
00000011111111111111110000000000
00000011111111111111110000000000
00000011111111111111110000000000
00000011111111111111110000000000
00000011111100001111100000000000
00000000000000011111100000000000
00000000000000011111100000000000
00000000000000011111100000000000
00000000000000011111100000000000
00000000000000011111100000000000
00000000000000011111100000000000
00000000000000011111100000000000
00000000000000011111110000000000
00000000000000011111110000000000
00000000000000011111111000000000
00000000000000001111111111000000
00000000000000001111111110000000
00000000000000000011111111000000
00000000000000000011100000000000

00000000000000000011000000000000
00000000000000000111110000000000
00000000000000001111111000000000
00000000000000011111111000000000
00000000000000011111111000000000
00000000000000011111111000000000
00000000000000111111110000000000
00000000000000111111100000000000
00000000000001111111110000000000
00000000000011111111110000000000
00000000000111111111110000000000
00000000000111111111110000000000
00000000111111111111110000000000
00000000111111111111110000000000
00000001111111111111111000000000
00000011111111111111111000000000
00000000111000011111111000000000
00000000000000011111111000000000
00000000000000011111111000000000
00000000000000001111111000000000
00000000000000001111111000000000
00000000000000001111111000000000
00000000000000001111111000000000
00000000000000001111111000000000
00000000000000001111111100000000
00000000000000001111111100000000
00000000000000011111111111000000
00000000000000011111111111000000
00000000000000001111111111000000
00000000000000001111111110000000
00000000000000011111111100000000
00000000000000001111110000000000
Trial: 2 
Classification: 2
00000000011111000000000000000000
00000000111111100000000000000000
00000001111111100000000000000000
00000001111111110000000000000000
00000001111111111000000000000000
00000001111111111000000000000000
00000001111111111000000000000000
00000011111111111000000000000000
00000011111111111100000000000000
00000011111101111100000000000000
00000011111001111100000000000000
00000011111001111100000000000000
00000001111100111110000000000000
00000000111000111110000000000000
00000000010000011110000000000000
00000000000000011110000000000000
00000000000000111110000000000000
00000000000000111110000000000000
00000000000000111110000000000000
00000000000001111110000000000000
00000000000001111110000000000000
00000000000001111110000000000000
00000000000011111110000000000000
00000000111111111111111111100000
00000001111111111111111111110000
00000011111111111111111111110000
00000011111111111111111111110000
00000011111111111111111111100000
00000011111111111111111111000000
00000001111111111111111100000000
00000000011111111110000000000000
00000000000011100000000000000000

00000000011111000000000000000000
00000000111111000000000000000000
00000001111111100000000000000000
00000001111111111000000000000000
00000011111111111100000000000000
00000111111111111100000000000000
00001111111111111100000000000000
00001111111001111100000000000000
00001111111000111110000000000000
00001111110000111110000000000000
00001111110000111110000000000000
00001111110000111100000000000000
00001111100001111100000000000000
00000111000001111100000000000000
00000000000000111110000000000000
00000000000000111100000000000000
00000000000001111100000000000000
00000000000001111100000000000000
00000000000011111000000000000000
00000000000001111100000000000000
00000000000011111100000000000000
00000000000011111100000000000000
00000000000011111000000000000000
00000000001111110000000000000000
00000000011111101111111100000000
00000000011111111111111111110000
00000000111111111111111111111000
00000001111111111111111111111000
00000001111111111111111111110000
00000001111111111111111111000000
00000000011111111111111000000000
00000000001111111100000000000000

00000000111110000000000000000000
00000000111111000000000000000000
00000001111111100000000000000000
00000011111111100000000000000000
00000011111111110000000000000000
00000011111111110000000000000000
00000001111111111000000000000000
00000011111011111000000000000000
00000011111011111000000000000000
00000011110011111000000000000000
00000011110011111000000000000000
00000011110011111000000000000000
00000011110011111000000000000000
00000000110001111100000000000000
00000000000001111100000000000000
00000000000001111100000000000000
00000000000001111100000000000000
00000000000001111100000000000000
00000000000011111100000000000000
00000000000011111000000000000000
00000000000001111100000000000000
00000000000011111100000000000000
00000000000011111000000000000000
00000000000111111100000000000000
00000000001111111111100000000000
00000000111111111111111111000000
00000001111111111111111111100000
00000000111111111111111111111000
00000001111111111111111111111000
00000001111111111111111111111000
00000001111111000000000001110000
00000001111110000000000000000000
Trial: 3 
Classification: 3
00000000000000000110000000000000
00000000000000111111110000000000
00000000000111111111111000000000
00000000001111111111110000000000
00000000111111111111111000000000
00000001111111111111111000000000
00000011111111111111111000000000
00000001111100000011111000000000
00000000111100000011111000000000
00000000111000000011111000000000
00000000000000000111110000000000
00000000000000001111100000000000
00000000000000011111100000000000
00000000000001111111000000000000
00000000000001111111000000000000
00000000000011111111110000000000
00000000000011111111111100000000
00000000000011111111111110000000
00000000000001111111111111000000
00000000000000011111111111000000
00000000000000000000111111000000
00000000000000000000011111000000
00000000000000000000011111000000
00000000000000000000111111000000
00000000000000000001111111000000
00000000000000000011111110000000
00000000000011111111111100000000
00000000000111111111111000000000
00000000000111111111100000000000
00000000000111111111100000000000
00000000001111111100000000000000
00000000000110000000000000000000

00000000000000001100000000000000
00000000000000111111000000000000
00000000001111111111110000000000
00000000011111111111111000000000
00000000111111111111111000000000
00000001111111111111111000000000
00000001111111110111111000000000
00000011111110000011111000000000
00000011111000000011111000000000
00000011111000000011110000000000
00000011110000000111100000000000
00000001110000000111100000000000
00000000000000011111100000000000
00000000000000011111100000000000
00000000000000111111100000000000
00000000000000111111111000000000
00000000000000111111111000000000
00000000000000111111111100000000
00000000000000111111111100000000
00000000000000000011111110000000
00000000000000000000011110000000
00000000000000000000011111000000
00000000000000000000011111000000
00000000000000000000001111000000
00000000000000000000011111000000
00000000000000000000111111000000
00000000001111111111111111000000
00000000001111111111111110000000
00000000001111111111111100000000
00000000001111111111111000000000
00000000000111111111100000000000
00000000000001100000000000000000

00000000000000000011000000000000
00000000000000011111110000000000
00000000000111111111111000000000
00000000001111111111111000000000
00000000011111111111111100000000
00000000011111111111111100000000
00000000111111111111111100000000
00000000011111111001111100000000
00000000111100000011111000000000
00000000111000000011111000000000
00000000011000001111110000000000
00000000010000001111110000000000
00000000000000011111110000000000
00000000000000011111110000000000
00000000000001111111110000000000
00000000000000111111110000000000
00000000000000111111111000000000
00000000000000011111111100000000
00000000000000000111111110000000
00000000000000000011111100000000
00000000000000000001111110000000
00000000000000000000011110000000
00000000000000000000011110000000
00000000000001000000011110000000
00000000000011100000111110000000
00000000000111000111111100000000
00000000000111111111111000000000
00000000000111111111111000000000
00000000000111111111100000000000
00000000000111111111000000000000
00000000000111111100000000000000
00000000000011110000000000000000
Trial: 4 
Classification: 4
00000000000000000011111000000000
00000000000000000111110000000000
00000000000000000111110000000000
00000000000000000111110000000000
00000000000000001111110000000000
00000000000000111111100000000000
00000000000001111111000000000000
00000000000001111110000000000000
00000000000011111110000000000000
00000000000011111100000000000000
00000000001111110000000000000000
00000000001111100000000000000000
00000000011111100000000000000000
00000000011111100000000010000000
00000000111111000000001100000000
00000001111110000000011111000000
00000001111100000000111111000000
00000011111100000000111111000000
00000011111100000000111111000000
00000111111000000001111110000000
00000111111000000111111110000000
00000111111111111111111110000000
00000111111111111111111110000000
00000111111111111111111000000000
00000111111111111111111000000000
00000011111111111111111000000000
00000001111111111111111000000000
00000000111000000111111000000000
00000000000000001111100000000000
00000000000000000111100000000000
00000000000000000011100000000000
00000000000000000001100000000000

00000000000000000011000000000000
00000000000000000111110000000000
00000000000000001111110000000000
00000000000000001111110000000000
00000000000000011111110000000000
00000000000000011111100000000000
00000000000011111110000000000000
00000000000111111100000000000000
00000000000111111100000000000000
00000000000111111000000000000000
00000000000111111000000000000000
00000000001111111000000000000000
00000000011111110000000000000000
00000000111111000000000000000000
00000001111111000000000000000000
00000001111110000000001000000000
00000011111100000000111110000000
00000001111100000001111111000000
00000011111100000011111111000000
00000011111110000011111110000000
00000011111100001111111100000000
00000011111111111111111100000000
00000011111111111111111000000000
00000011111111111111111000000000
00000001111111111111111000000000
00000001111111111111111000000000
00000000011111111111111000000000
00000000000000011111111000000000
00000000000000011111110000000000
00000000000000001111100000000000
00000000000000001111100000000000
00000000000000000011100000000000

00000000000000001111100000000000
00000000000000001111110000000000
00000000000000001111110000000000
00000000000000011111100000000000
00000000000000111111100000000000
00000000000000111111100000000000
00000000000000111111000000000000
00000000000001111110000000000000
00000000000011111100000000000000
00000000000111111000000000000000
00000000000111111000000010000000
00000000000111110000000111100000
00000000001111110000001111110000
00000000011111100000001111110000
00000000111111000000011111100000
00000001111111000000111111000000
00000001111110000000111111000000
00000001111110000000111111000000
00000001111100000000111111000000
00000111111000000011111110000000
00000111111000000111111110000000
00001111111111111111111110000000
00000111111111111111111111000000
00000111111111111111111111000000
00000011111111111111111110000000
00000011111111111111111000000000
00000000000000000111110000000000
00000000000000000111110000000000
00000000000000000111110000000000
00000000000000001111110000000000
00000000000000001111100000000000
00000000000000001111100000000000
Trial: 5 
Classification: 5
00000000000000001000000000000000
00000000001111111111100000000000
00000000111111111111111110000000
00000000111111111111111111100000
00000000111111111111111111000000
00000000111111111111000110000000
00000001111111000000000000000000
00000001111110000000000000000000
00000001111100000000000000000000
00000001111100000000000000000000
00000000111100000000000000000000
00000001111110000000000000000000
00000001111111111110000000000000
00000011111111111111000000000000
00000011111111111111100000000000
00000011111111111111110000000000
00000011111111111111111000000000
00000011111111111111111100000000
00000011111100011111111100000000
00000000000000000011111110000000
00000000000000000011111100000000
00000000000000000011111100000000
00000000000000000001111110000000
00000000000000000001111110000000
00000000000000000011111110000000
00000000000000000111111100000000
00000000000000001111111100000000
00000000111111111111111000000000
00000000111111111111110000000000
00000000111111111111000000000000
00000000011111111000000000000000
00000000001111100000000000000000

00000000001111111111111100000000
00000000011111111111111110000000
00000000111111111111111111000000
00000000111111111111111111100000
00000001111111111111111111100000
00000001111111111000000111000000
00000011111100000000000000000000
00000011111100000000000000000000
00000011111100000000000000000000
00000111111100000000000000000000
00000111111100000000000000000000
00000111111100000000000000000000
00000011111111000000000000000000
00000011111111111000000000000000
00000001111111111111000000000000
00000000111111111111100000000000
00000000000111111111100000000000
00000000000000111111110000000000
00000000000000001111111000000000
00000000000000000011111100000000
00000000000000000011111100000000
00000000000000000001111100000000
00000000000000000001111100000000
00000000000000000001111100000000
00000000000000000011111100000000
00000000000000000111111000000000
00000000010000001111111000000000
00000000111000111111110000000000
00000001111111111111100000000000
00000000111111111111000000000000
00000000011111111111000000000000
00000000001111111100000000000000

00000000000000000010001000000000
00000000111111111111111110000000
00000001111111111111111110000000
00000000111111111111111111000000
00000000111111111111001110000000
00000001111111000000000000000000
00000001111000000000000000000000
00000001111000000000000000000000
00000001111000000000000000000000
00000001110000000000000000000000
00000001110001010000000000000000
00000011111111111100000000000000
00000011111111111110000000000000
00000011111111111111000000000000
00000001111111111111110000000000
00000001111100001111110000000000
00000001100000000011111000000000
00000000000000000001111000000000
00000000000000000001111100000000
00000000000000000001111100000000
00000000000000000001111100000000
00000000000000000001111100000000
00000000000000000000111100000000
00000000000000000000111100000000
00000000000000000000111100000000
00000000000000000001111100000000
00000000000000000011111000000000
00000000111111011111111000000000
00000001111111111111110000000000
00000001111111111111100000000000
00000000011111111111000000000000
00000000011111111100000000000000
Trial: 6 
Classification: 6
00000000000000111000000000000000
00000000000000111110000000000000
00000000000001111111000000000000
00000000000011111111000000000000
00000000000111111111100000000000
00000000001111111110000000000000
00000000001111111100000000000000
00000000001111111100000000000000
00000000111111110000000000000000
00000000111111100000000000000000
00000001111111100000000000000000
00000001111111000000000000000000
00000001111110000000000000000000
00000000111111000000000000000000
00000000111111000000000000000000
00000001111111000000000000000000
00000011111111110000000000000000
00000011111111111000000000000000
00000011111111111110000000000000
00000011111111111111100000000000
00000001111111111111111000000000
00000001111111111111111000000000
00000001111111000111111110000000
00000001111111100011111111000000
00000000111111100011111111000000
00000000111111100000111111100000
00000000011111111000111111100000
00000000001111111111111111110000
00000000000011111111111111100000
00000000000001111111111111000000
00000000000001111111111110000000
00000000000000001111000000000000

00000000000001111100000000000000
00000000000001111100000000000000
00000000000011111100000000000000
00000000000111111100000000000000
00000000001111111100000000000000
00000000001111111000000000000000
00000000011111110000000000000000
00000000011111100000000000000000
00000000011111100000000000000000
00000000111111100000000000000000
00000000011111100000000000000000
00000000011111100000000000000000
00000000111111000000000000000000
00000000111111000000000000000000
00000000111111000000000000000000
00000000111111000000000000000000
00000000111111000000000000000000
00000001111111111110000000000000
00000001111111111111000000000000
00000001111111111111110000000000
00000011111111111111111000000000
00000001111111111111111100000000
00000001111111100111111100000000
00000000111111100001111110000000
00000000111111100000111111000000
00000000011111110000111111100000
00000000011111111111111111100000
00000000001111111111111111100000
00000000000111111111111111100000
00000000000011111111111110000000
00000000000000111111111110000000
00000000000000000001000000000000

00000000000001110000000000000000
00000000000011111000000000000000
00000000000111111100000000000000
00000000000011111110000000000000
00000000000111111100000000000000
00000000001111110000000000000000
00000000001111110000000000000000
00000000011111100000000000000000
00000000011111100000000000000000
00000000111111000000000000000000
00000000111111000000000000000000
00000000111111000000000000000000
00000000111111100000000000000000
00000000111111100000000000000000
00000001111111000000000000000000
00000001111111000000000000000000
00000011111110000000000000000000
00000011111110011100000000000000
00000011111111111111100000000000
00000011111111111111111000000000
00000011111111111111111100000000
00000001111111111111111111000000
00000001111111111011111111000000
00000001111111110000111111000000
00000001111111111000111111100000
00000001111111111001111111100000
00000000111111111111111111100000
00000000011111111111111111000000
00000000001111111111111110000000
00000000000111111111111100000000
00000000000001111111111100000000
00000000000000000111100000000000
Trial: 7 
Classification: 7
00000000000011111111110000000000
00000000000111111111111000000000
00000000001111111111111100000000
00000000111111111111111100000000
00000000111111111111111100000000
00000000111111111111111110000000
00000000011111100011111111000000
00000000011000000001111110000000
00000000000000000001111110000000
00000000000000000001111110000000
00000000000000000001111110000000
00000000000000000011111100000000
00000000000000000011111100000000
00000000000000000011111100000000
00000000000000000011111100000000
00000000000000000111111000000000
00000000000011111111111000000000
00000000001111111111111100000000
00000000111111111111111110000000
00000001111111111111111111000000
00000001111111111111111111000000
00000001111111111111111111000000
00000001111111111111111100000000
00000000000011111110000000000000
00000000000011111110000000000000
00000000000011111100000000000000
00000000000111111000000000000000
00000000001111111000000000000000
00000000011111110000000000000000
00000000001111110000000000000000
00000000011111100000000000000000
00000000011111000000000000000000

00000000000011111111100000000000
00000000000111111111111000000000
00000000001111111111111100000000
00000000011111111111111100000000
00000000011111111111111100000000
00000000001111111111111110000000
00000000001110000111111100000000
00000000000100000011111110000000
00000000000000000001111110000000
00000000000000000001111100000000
00000000000000000001111100000000
00000000000000000001111100000000
00000000000000000011111000000000
00000000000000000011111000000000
00000000000000011111111000000000
00000000000111111111111000000000
00000000001111111111111110000000
00000000011111111111111111000000
00000000111111111111111111000000
00000000111111111111111111000000
00000000111111111111111111000000
00000000111111111111111110000000
00000000000001111100001100000000
00000000000001111100000000000000
00000000000011111000000000000000
00000000000011111000000000000000
00000000000111111000000000000000
00000000001111110000000000000000
00000000001111110000000000000000
00000000001111110000000000000000
00000000011111000000000000000000
00000000001110000000000000000000

00000000000000111111100000000000
00000000000011111111111000000000
00000000000111111111111000000000
00000000011111111111111000000000
00000000111111111111111000000000
00000000111111111111111100000000
00000000011100000011111100000000
00000000011000000001111100000000
00000000100000000011111000000000
00000000000000000011111000000000
00000000000000000011111000000000
00000000000000000011110000000000
00000000000000000011111000000000
00000000000000000111110000000000
00000000000000001111100000000000
00000000000000001111100000000000
00000000000000001111000000000000
00000000000000001111100000000000
00000000000011111111111110000000
00000000111111111111111100000000
00000000001111111111111110000000
00000000001111111111111100000000
00000000001111111111110000000000
00000000000111111110000000000000
00000000000001111000000000000000
00000000000111110000000000000000
00000000000111110000000000000000
00000000000111110000000000000000
00000000001111110000000000000000
00000000000111110000000000000000
00000000001111100000000000000000
00000000000111100000000000000000
Trial: 8 
Classification: 8
00000000000000000110000000000000
00000000000011111111000000000000
00000000001111111111100000000000
00000000011111111111110000000000
00000000111111000001110000000000
00000001111100000001111000000000
00000001111000000001111000000000
00000001111000000001111000000000
00000001111000000001111100000000
00000001111000000001111111000000
00000001111000000011111111000000
00000001111000000001111100000000
00000001111000000111111000000000
00000000111100001111100000000000
00000000111110011111000000000000
00000000011111111110000000000000
00000000001111111110000000000000
00000000001111111000000000000000
00000000001111110000000000000000
00000000000111110000000000000000
00000000000111111000000000000000
00000000001111111000000000000000
00000000001111111000000000000000
00000000001111111000000000000000
00000000001111111100000000000000
00000000001111111110000000000000
00000000011110111110000000000000
00000000011110011110000000000000
00000000011111111110000000000000
00000000001111111110000000000000
00000000000111111110000000000000
00000000000111111100000000000000

00000000000000011110000000000000
00000000000001111110000000000000
00000000000111111111000000000000
00000000000111111111100000000000
00000000011111111111101110000000
00000000011111111111101111000000
00000000111110000011111111000000
00000000111100000001111111000000
00000001111000000001111110000000
00000001111000000001111100000000
00000001111000000111110000000000
00000011111000000111100000000000
00000011111000001111100000000000
00000001111000011111000000000000
00000001111101111110000000000000
00000000111111111100000000000000
00000000011111111000000000000000
00000000011111111000000000000000
00000000001111111000000000000000
00000000000111111000000000000000
00000000000111111100000000000000
00000000001111111110000000000000
00000000001111111111000000000000
00000000001110001111100000000000
00000000001110001111100000000000
00000000001110000111100000000000
00000000001110000111110000000000
00000000001111111111110000000000
00000000001111111111110000000000
00000000000111111111100000000000
00000000000111111111100000000000
00000000000000110000000000000000

00000000000000000111000000000000
00000000000001111111110000000000
00000000000011111111110000000000
00000000000111111111111100000000
00000000001111111111111100000000
00000000011111110000111100000000
00000000011111000000111100000000
00000000011110000000111100000000
00000000001110000000011100000000
00000011001100000000111100000000
00000011101100000001111100000000
00000011111100000011110000000000
00000011111000000111100000000000
00000001111100001111000000000000
00000000111111001111100000000000
00000000011111111110000000000000
00000000000111111100000000000000
00000000000111111100000000000000
00000000000011111100000000000000
00000000000011111111000000000000
00000000000011111111100000000000
00000000000111100111110000000000
00000000000111000011110000000000
00000000001111000001110000000000
00000000001110000001111000000000
00000000000111000000111100000000
00000000000111000001111000000000
00000000000111100111111000000000
00000000000111111111111000000000
00000000000011111111100000000000
00000000000001111111100000000000
00000000000000011111000000000000
Trial: 9 
Classification: 9
00000000000011111100000000000000
00000000001111111100000000000000
00000000011111111100000000000000
00000000011111111110000000000000
00000000011111111111000000000000
00000000111110111111000000000000
00000001111110011111100000000000
00000001111100000111110000000000
00000001111100000111110000000000
00000001111100000011111000000000
00000011111000000111111000000000
00000011111000000111111000000000
00000011111000001111111000000000
00000001111100111111111100000000
00000011111111111111111000000000
00000011111111111111111100000000
00000001111111111111111100000000
00000001111111110001111110000000
00000000111111100000111110000000
00000000001000000000111110000000
00000000000000000000111110000000
00000000000000000000011111000000
00000000000000000000011111000000
00000000000000000000011110000000
00000000000000000000011110000000
00000000000000000000011110000000
00000000000000000001111110000000
00000000000010000111111110000000
00000000001111111111111000000000
00000000011111111111110000000000
00000000011111111111000000000000
00000000001111111000000000000000

00000000000011110000000000000000
00000000001111111100000000000000
00000000001111111100000000000000
00000000111111111100000000000000
00000000111111111100000000000000
00000000111111111100000000000000
00000001111000001111100000000000
00000001111000001111100000000000
00000011111000000111100000000000
00000011111000011111110000000000
00000011111111111111111000000000
00000001111111111111111000000000
00000001111111111111111000000000
00000000111111111101111000000000
00000000111111110000111100000000
00000000000001000000111100000000
00000000000000000000011110000000
00000000000000000000011110000000
00000000000000000000011110000000
00000000000000000000001110000000
00000000000000000000001111000000
00000000000000000000001111000000
00000000000000000000001111000000
00000000000000000000001111000000
00000000000000000000001111000000
00000000000000000000011111000000
00000000000000000001111111000000
00000000001111111111111110000000
00000000001111111111111100000000
00000000001111111111111100000000
00000000001111111111110000000000
00000000000001111110000000000000

00000000000000111000000000000000
00000000000011111000000000000000
00000000011111111100000000000000
00000000001111111111000000000000
00000000011111111111000000000000
00000000111111111111000000000000
00000000111111001111000000000000
00000000111110000111000000000000
00000000011111000011100000000000
00000000001100000111100000000000
00000000000000000111100000000000
00000000000000000111000000000000
00000000000000011111000000000000
00000000000000011111000000000000
00000000000001111111110000000000
00000000000011111111111000000000
00000000000011111111111100000000
00000000000011111111111110000000
00000000000111111111111110000000
00000000000000000000011111100000
00000000000000000000001111100000
00000000000000000000000111100000
00000000000000000000000111100000
00000000000000000000000111100000
00000000000000000000001111100000
00000000000000000000001111100000
00000000110000000111111111000000
00000000111111111111111111000000
00000000111111111111111110000000
00000000011111111111111000000000
00000000001111111111110000000000
00000000000011100000000000000000
